Lista
NameoftheGroup1
NameoftheGroup2